line
100 50 50 41 48 95
line
41 48 95 26 59 13
line
26 59 13 52 69 37
line
52 69 37 37 53 99
line
37 53 99 84 23 23
line
84 23 23 64 19 24
line
64 19 24 4 55 99
line
4 55 99 54 93 36
line
54 93 36 59 81 13
line
59 81 13 57 30 95
line
57 30 95 75 1 50
line
75 1 50 11 29 5
line
11 29 5 32 81 88
line
32 81 88 87 94 63
line
87 94 63 50 56 1
line
50 56 1 57 18 77
line
57 18 77 37 22 76
line
37 22 76 15 53 1
line
15 53 1 88 70 64
line
88 70 64 68 60 87
line
68 60 87 27 47 5
line
27 47 5 50 49 50
line
50 49 50 27 52 95
line
27 52 95 65 42 12
line
65 42 12 91 32 37
line
91 32 37 18 46 99
line
18 46 99 35 76 23
line
35 76 23 56 81 24
line
56 81 24 48 46 99
line
48 46 99 87 8 35
line
87 8 35 36 19 14
line
36 19 14 9 69 96
line
9 69 96 73 99 49
line
73 99 49 58 71 6
line
58 71 6 60 20 88
line
60 20 88 56 6 62
line
56 6 62 4 43 1
line
4 43 1 60 82 78
line
60 82 78 86 79 75
line
86 79 75 38 47 1
line
38 47 1 52 29 65
line
52 29 65 27 39 86
line
27 39 86 38 53 4
line
38 53 4 99 52 51
line
99 52 51 45 49 94
line
45 49 94 25 57 12
line
25 57 12 51 67 38
line
51 67 38 35 54 99
line
35 54 99 83 26 22
line
83 26 22 68 20 25
line
68 20 25 4 54 99
line
4 54 99 51 91 34
line
51 91 34 59 82 14
line
59 82 14 56 32 96
line
56 32 96 77 1 48
line
77 1 48 13 28 6
line
13 28 6 29 80 89
line
29 80 89 86 95 61
line
86 95 61 50 58 1
line
50 58 1 57 18 79
line
57 18 79 39 20 74
line
39 20 74 13 52 1
line
13 52 1 86 72 66
line
86 72 66 71 62 86
line
71 62 86 28 46 4
line
28 46 4 50 47 52
line
50 47 52 26 51 94
line
26 51 94 62 44 11
line
62 44 11 93 34 39
line
93 34 39 20 46 99
line
20 46 99 33 73 21
line
33 73 21 55 80 26
line
55 80 26 47 47 99
line
47 47 99 88 10 34
line
88 10 34 40 18 15
line
40 18 15 7 67 96
line
7 67 96 70 99 47
line
70 99 47 58 73 6
line
58 73 6 60 21 89
line
60 21 89 59 4 60
line
59 4 60 4 41 2
line
4 41 2 56 82 79
line
56 82 79 87 81 74
line
87 81 74 40 48 1
line
40 48 1 53 27 67
line
53 27 67 27 37 85
line
27 37 85 34 54 4
line
34 54 4 99 55 53
line
99 55 53 48 50 93
line
48 50 93 25 55 10
line
25 55 10 51 65 40
line
51 65 40 34 54 98
line
34 54 98 81 28 20
line
81 28 20 71 21 27
line
71 21 27 5 52 99
line
5 52 99 50 89 33
line
50 89 33 59 82 15
line
59 82 15 55 34 96
line
55 34 96 79 1 47
line
79 1 47 15 26 7
line
15 26 7 26 79 90
line
26 79 90 85 96 60
line
85 96 60 51 60 2
line
51 60 2 58 18 80
line
58 18 80 41 18 73
line
41 18 73 11 51 1
line
11 51 1 83 74 68
line
83 74 68 74 64 84
line
74 64 84 29 46 3
line
29 46 3 50 44 54
line
50 44 54 26 50 93
line
26 50 93 59 46 10
line
59 46 10 95 36 41
line
95 36 41 23 46 98
line
23 46 98 32 71 20
line
32 71 20 55 79 28
line
55 79 28 45 49 99
line
45 49 99 88 11 32
line
88 11 32 44 18 16
line
44 18 16 6 65 97
line
6 65 97 68 99 46
line
68 99 46 59 75 7
line
59 75 7 59 22 90
line
59 22 90 62 3 59
line
62 3 59 4 39 2
line
4 39 2 52 83 81
line
52 83 81 87 84 72
line
87 84 72 41 49 1
line
41 49 1 53 25 68
line
53 25 68 28 35 84
line
28 35 84 31 54 3
line
31 54 3 98 57 55
line
98 57 55 51 50 93
line
51 50 93 25 53 9
line
25 53 9 50 62 42
line
50 62 42 32 54 98
line
32 54 98 79 30 19
line
79 30 19 75 22 28
line
75 22 28 7 51 99
line
7 51 99 47 88 31
line
47 88 31 59 83 17
line
59 83 17 54 36 97
line
54 36 97 81 2 45
line
81 2 45 18 25 8
line
18 25 8 22 77 91
line
22 77 91 83 97 58
line
83 97 58 53 61 2
line
53 61 2 58 17 81
line
58 17 81 43 15 71
line
43 15 71 9 50 1
line
9 50 1 80 76 69
line
80 76 69 76 66 83
line
76 66 83 31 46 3
line
31 46 3 50 41 56
line
50 41 56 25 49 92
line
25 49 92 56 48 9
line
56 48 9 96 39 43
line
96 39 43 26 46 98
line
26 46 98 30 69 18
line
30 69 18 54 77 29
line
54 77 29 44 50 99
line
44 50 99 88 13 30
line
88 13 30 47 17 17
line
47 17 17 5 63 97
line
5 63 97 65 98 44
line
65 98 44 59 76 8
line
59 76 8 59 23 91
line
59 23 91 64 2 57
line
64 2 57 4 38 2
line
4 38 2 49 83 82
line
49 83 82 88 86 71
line
88 86 71 43 50 1
line
43 50 1 54 23 70
line
54 23 70 30 33 82
line
30 33 82 28 54 3
line
28 54 3 97 60 57
line
97 60 57 54 51 92
line
54 51 92 25 51 8
line
25 51 8 50 60 43
line
50 60 43 31 54 97
line
31 54 97 77 33 18
line
77 33 18 78 23 30
line
78 23 30 8 50 99
line
8 50 99 45 86 29
line
45 86 29 58 83 18
line
58 83 18 53 38 98
line
53 38 98 83 2 43
line
83 2 43 21 23 9
line
21 23 9 19 76 92
line
19 76 92 82 98 56
line
82 98 56 54 63 3
line
54 63 3 59 17 83
line
59 17 83 46 13 70
line
46 13 70 7 50 1
line
7 50 1 77 77 71
line
77 77 71 78 69 82
line
78 69 82 32 46 2
line
32 46 2 50 39 57
line
50 39 57 25 48 91
line
25 48 91 52 49 8
line
52 49 8 98 41 44
line
98 41 44 29 46 97
line
29 46 97 29 66 17
line
29 66 17 54 76 31
line
54 76 31 42 50 99
line
42 50 99 88 15 29
line
88 15 29 50 17 19
line
50 17 19 4 61 98
line
4 61 98 63 97 42
line
63 97 42 59 77 9
line
59 77 9 59 25 92
line
59 25 92 67 2 55
line
67 2 55 5 36 3
line
5 36 3 46 83 83
line
46 83 83 88 88 69
line
88 88 69 45 51 1
line
45 51 1 54 22 72
line
54 22 72 31 30 81
line
31 30 81 25 54 2
line
25 54 2 96 62 58
line
96 62 58 57 53 91
line
57 53 91 25 50 7
line
25 50 7 50 57 45
line
50 57 45 30 54 97
line
30 54 97 75 35 16
line
75 35 16 81 25 32
line
81 25 32 10 49 99
line
10 49 99 42 84 28
line
42 84 28 58 83 19
line
58 83 19 52 40 98
line
52 40 98 84 3 41
line
84 3 41 24 22 10
line
24 22 10 17 75 93
line
17 75 93 80 99 54
line
80 99 54 55 65 3
line
55 65 3 59 18 84
line
59 18 84 48 11 68
line
48 11 68 6 49 1
line
6 49 1 73 79 72
line
73 79 72 80 71 80
line
80 71 80 33 46 2
line
33 46 2 51 36 59
line
51 36 59 25 46 90
line
25 46 90 50 50 7
line
50 50 7 99 44 46
line
99 44 46 33 46 97
line
33 46 97 28 64 16
line
28 64 16 53 74 32
line
53 74 32 41 51 99
line
41 51 99 87 18 27
line
87 18 27 54 18 20
line
54 18 20 4 60 98
line
4 60 98 60 96 40
line
60 96 40 59 79 10
line
59 79 10 58 26 93
line
58 26 93 69 1 53
line
69 1 53 6 34 4
line
6 34 4 42 82 85
line
42 82 85 88 89 67
line
88 89 67 46 52 1
line
46 52 1 55 21 73
line
55 21 73 32 28 80
line
32 28 80 22 54 2
line
22 54 2 94 65 60
line
94 65 60 61 55 90
line
61 55 90 26 50 7
line
26 50 7 50 55 47
line
50 55 47 29 54 96
line
29 54 96 72 37 15
line
72 37 15 84 27 33
line
84 27 33 12 48 99
line
12 48 99 40 81 26
line
40 81 26 57 82 21
line
57 82 21 51 41 98
line
51 41 98 85 4 40
line
85 4 40 27 21 11
line
27 21 11 14 73 94
line
14 73 94 78 99 53
line
78 99 53 56 67 4
line
56 67 4 59 18 85
line
59 18 85 50 10 66
line
50 10 66 5 47 1
line
5 47 1 70 80 74
line
70 80 74 82 73 79
line
82 73 79 35 46 1
line
35 46 1 51 34 61
line
51 34 61 25 44 89
line
25 44 89 46 51 6
line
46 51 6 99 47 48
line
99 47 48 36 46 96
line
36 46 96 27 62 14
line
27 62 14 52 72 34
line
52 72 34 39 52 99
line
39 52 99 86 20 26
line
86 20 26 58 18 21
line
58 18 21 3 58 99
line
3 58 99 58 95 39
line
58 95 39 60 80 11
line
60 80 11 58 28 94
line
58 28 94 72 1 52
line
72 1 52 8 32 4
line
8 32 4 38 82 86
line
38 82 86 88 91 66
line
88 91 66 48 54 1
line
48 54 1 56 20 75
line
56 20 75 34 26 78
line
34 26 78 19 54 1
line
19 54 1 92 67 62
line
92 67 62 64 57 88
line
64 57 88 26 49 6
line
26 49 6 50 52 49
line
50 52 49 28 53 96
line
28 53 96 70 39 14
line
70 39 14 87 29 35
line
87 29 35 14 47 99
line
14 47 99 38 79 25
line
38 79 25 57 82 22
line
57 82 22 50 43 99
line
50 43 99 86 6 38
line
86 6 38 31 20 12
line
31 20 12 12 71 94
line
12 71 94 76 99 51
line
76 99 51 57 69 4
line
57 69 4 59 19 86
line
59 19 86 52 8 65
line
52 8 65 4 46 1
line
4 46 1 66 81 76
line
66 81 76 84 76 77
line
84 76 77 36 46 1
line
36 46 1 51 32 63
line
51 32 63 26 42 88
line
26 42 88 43 52 5
line
43 52 5 99 49 50
line
99 49 50 40 47 95
line
40 47 95 26 60 13
line
26 60 13 52 70 36
line
52 70 36 38 53 99
line
38 53 99 85 22 24
line
85 22 24 62 18 23
line
62 18 23 4 56 99
line
4 56 99 55 94 37
line
55 94 37 59 81 12
line
59 81 12 57 29 95
line
57 29 95 74 1 50
line
74 1 50 10 30 5
line
10 30 5 34 81 87
line
34 81 87 87 93 64
line
87 93 64 49 55 1
line
49 55 1 56 19 76
line
56 19 76 36 23 77
line
36 23 77 16 53 1
line
16 53 1 90 69 63
line
90 69 63 67 59 87
line
67 59 87 27 48 5
line
27 48 5 50 50 50
line
50 50 50 27 52 95
line
27 52 95 67 41 13
line
67 41 13 90 31 37
line
90 31 37 16 47 99
line
16 47 99 36 77 23
line
36 77 23 56 81 24
line
56 81 24 49 45 99
line
49 45 99 87 7 36
line
87 7 36 34 19 13
line
34 19 13 10 70 95
line
10 70 95 74 99 50
line
74 99 50 57 71 5
line
57 71 5 59 19 88
line
59 19 88 55 6 63
line
55 6 63 4 44 1
line
4 44 1 62 82 77
line
62 82 77 85 78 76
line
85 78 76 38 47 1
line
38 47 1 52 30 64
line
52 30 64 26 40 87
line
26 40 87 40 53 5
line
40 53 5 99 51 50
line
99 51 50 43 48 95
line
43 48 95 26 58 12
line
26 58 12 51 68 37
line
51 68 37 36 54 99
line
36 54 99 84 24 23
line
84 24 23 66 19 24
line
66 19 24 4 54 99
line
4 54 99 52 92 35
line
52 92 35 59 81 14
line
59 81 14 57 31 96
line
57 31 96 76 1 49
line
76 1 49 12 29 6
line
12 29 6 31 80 88
line
31 80 88 86 94 62
line
86 94 62 50 57 1
line
50 57 1 57 18 78
line
57 18 78 38 21 75
line
38 21 75 14 53 1
line
14 53 1 87 71 65
line
87 71 65 70 61 86
line
70 61 86 28 47 4
line
28 47 4 50 48 51
line
50 48 51 26 51 94
apply
display
ident
scale
2 2 2
move
100 100 0
rotate
x 20
rotate
y 45
rotate
z 45
apply
display
save
pic2.png
